,0,1,2,3,4,5
0,0.0017713479374711976,0.0013031204130436725,0.0013681990945074716,0.0014699650996096074,0.0006499769657062184,0.0004067511350280836
1,0.0013031204130436725,0.0020298060989961727,0.0016562503974907371,0.0011790373782565619,0.0007152633100092744,0.00045682445991841747
2,0.0013681990945074716,0.0016562503974907371,0.003194611394895011,0.000995836928787415,0.0005834413987767927,0.0005508326316862296
3,0.0014699650996096074,0.0011790373782565619,0.000995836928787415,0.003788787714463091,0.0008718148634608336,0.0003726662537460024
4,0.0006499769657062184,0.0007152633100092744,0.0005834413987767927,0.0008718148634608336,0.0010341186623991398,0.00022985685980118692
5,0.0004067511350280836,0.00045682445991841747,0.0005508326316862296,0.0003726662537460024,0.00022985685980118692,0.0003145159755217936
